   0.218234   -0.975897    0.909329
   0.472792   -0.881174     2.52255
   0.681144    -0.73215     3.87275
   0.696892   -0.717176     3.91059
   0.181923    0.983313    -1.88087
  0.0459614    0.998943    -2.37917
 -0.0392462     0.99923    -2.70388
         -1 3.09241e-16    -6.66926
         -1          -0    -6.66926

          -1 -3.15719e-16     -6.66926
  -0.0740445    -0.997255    -0.970188
  -0.0201432    -0.999797      -0.6711
    0.073366    -0.997305    -0.149443
   0.0909099    -0.995859   -0.0666746
    0.181692    -0.983356     0.329782
    0.999789   -0.0205384      4.26309
    0.999982    0.0059711      4.23466
    0.999495    0.0317639      4.20107
    0.791751     0.610844      1.88543
    0.781169      0.62432      1.80562
    0.761582     0.648068      1.65002
   -0.156593     0.987663     -3.49523
          -1           -0     -6.66926

          -1 -8.62215e-16     -6.21747
  -0.0234318    -0.999725    -0.637861
    0.024247    -0.999706    -0.513068
   0.0666401    -0.997777    -0.401298
    0.799668    -0.600442     0.165354
    0.902133    -0.431458     0.293028
     0.91121    -0.411942     0.296068
    0.898659     0.438647     0.287877
    0.518918     0.854824    -0.161756
  0.00128734     0.999999    -0.548282
 -0.00202291     0.999998    -0.559292
 -0.00511317     0.999987    -0.569587

 -0.828257  -0.560348   -1.84356
-0.0337032  -0.999432  -0.621692
 0.0719399  -0.997409  -0.425463
  0.853413  -0.521235    0.79687
   0.89123  -0.453552   0.878583
  0.896082  -0.443889   0.855168
  0.836296   0.548278   -1.44298
 0.0499099   0.998754   -2.55759
-0.0571246   0.998367   -2.55149
  -0.85256    0.52263   -1.84583
 -0.904395   0.426696   -1.63689
 -0.910617   0.413252   -1.65403

  -0.982319   -0.187213    -1.18283
  -0.206145   -0.978521    0.943333
 -0.0145586   -0.999894     1.24673
 0.00492667   -0.999988     1.24713
  0.0123442   -0.999924       1.247
   0.294466   -0.955662    0.783412
    0.98451   -0.175326    -1.20795
   0.999206  -0.0398349    -1.48819
   0.982272     0.18746    -1.89465
   0.658472    0.752605    -2.80332
   0.418478    0.908227    -2.83495
   0.181275    0.983432    -2.72224
    0.01454    0.999894    -2.55287
-0.00492497    0.999988    -2.55283
 -0.0123601    0.999924    -2.55271
  -0.295501    0.955342    -2.84873
  -0.984469    0.175561    -1.87458
  -0.999186   0.0403418    -1.64049

 -0.999624 -0.0274094   0.457718
 -0.998609 -0.0527255   0.515059
 -0.998241  -0.059287   0.498809
 -0.146522  -0.989207   -2.33173
  0.783529  -0.621355   -2.72701
  0.854964  -0.518688   -2.56641
  0.999608  0.0280024   -1.54013
  0.998618    0.05255   -1.48239
  0.998263  0.0589167   -1.49758
  0.116272   0.993217   -2.61536
 -0.793729   0.608272   -1.12042
 -0.861064   0.508497  -0.827053

 -0.999912 -0.0132438   0.431378
 -0.462329  -0.886708   -1.85098
 -0.198394  -0.980122   -2.20704
 -0.171131  -0.985248   -2.24888
0.00865533  -0.999963    -2.5669
 0.0653431  -0.997863   -2.66075
  0.258672  -0.965965   -3.02163
  0.883802   0.467861   -1.09987
  0.761521    0.64814  -0.372132
  0.463871   0.885903  -0.171356
 -0.989796   0.142494   0.591355
 -0.997899  0.0647829   0.512969

  -0.984275   -0.176641   0.0919606
  -0.695779   -0.718256     -1.3849
  -0.418492    -0.90822    -1.99809
  -0.130454   -0.991454    -2.41858
 -0.0125155   -0.999922     -2.5273
 0.00930613   -0.999957    -2.57089
  0.0143608   -0.999897    -2.58091
   0.213876   -0.976861    -3.20829
   0.982464   -0.186454    -3.85762
   0.998578  -0.0533055    -3.66161
   0.984274    0.176651    -3.17388
   0.148116     0.98897    0.741306
  0.0125468    0.999921     1.22228
-0.00929329    0.999957     1.26615
 -0.0143292    0.999897     1.27608
  -0.212804    0.977095     1.35894
  -0.982457    0.186491    0.780822
   -0.99859   0.0530757    0.534827

   -0.999999  -0.00144628      2.34761
-3.79277e-16           -1      -3.6012
 4.85352e-14           -1      -3.6012
    0.999985  -0.00541005     -3.55229
    0.999989  -0.00473484     -3.55214
    0.999999   0.00101162     -3.55086
     0.64252     0.766269     -4.15441
    0.213531     0.976936     -3.14753
   -0.486111     0.873897    -0.799964
   -0.535856      0.84431    -0.575943
   -0.980228      0.19787      1.88702
   -0.999988    0.0049795      2.35322
   -0.999991   0.00430746      2.35264

  -0.999985 -0.00539205     2.34866
  -0.996391  -0.0848782     2.41846
   0.343683   -0.939086    -1.04787
   0.798988   -0.601348    -2.08709
   0.703602    0.710595    -4.92508
  0.0734373      0.9973    -2.81386
  -0.133819    0.991006    -2.05402
  -0.156385    0.987696    -1.96486
  -0.343086    0.939304    -1.39734
   -0.99849   0.0549277     2.28547

   -0.686351     -0.72727      3.83108
   -0.659628    -0.751593      3.80801
   -0.612647    -0.790357      3.50962
  -0.0321231    -0.999484    -0.333061
    0.351161    -0.936315     -3.06844
           1 -1.22408e-14      -8.2198
     0.66855     0.743667     -5.45875
    0.654034     0.756465     -5.39818
    0.606783     0.794868     -5.20272
   0.0343532      0.99941      -2.6732
  0.00761189     0.999971     -2.58119
  -0.0723396      0.99738     -2.30282

